$ 1 0.000005 27.727228452313398 59 5 50
r 272 128 368 128 0 10000
w 368 128 432 128 0
c 432 336 592 336 0 0.000001 -3.597839726559445
t 432 336 304 336 0 1 0.5585944290106335 0.6645660329318408 100
g 304 352 304 400 0
w 304 320 208 320 0
w 208 320 208 464 0
r 208 464 208 560 0 330
R 208 128 144 128 0 0 40 4.5 0 0 0.5
R 208 560 160 560 0 0 40 4.5 0 0 0.5
w 208 464 368 464 0
c 368 464 496 464 0 0.000009999999999999999 1.745111070329238
t 496 464 560 464 0 1 -5.901545225899317 -1.6391394664080308 100
g 560 480 560 528 0
r 560 400 560 448 0 330
R 480 400 448 400 0 0 40 4.5 0 0 0.5
r 496 464 496 400 0 10000
w 480 400 496 400 0
w 496 400 560 400 0
t 784 336 848 336 0 1 0.5654352826022855 0.6374589796053491 100
g 848 352 848 384 0
R 784 224 720 224 0 0 40 4.5 0 0 0.5
w 784 224 848 224 0
r 848 224 848 320 0 1000
r 848 448 944 448 0 10000
t 944 448 992 448 0 1 0.46307329009711995 0.6876344516596626 100
g 992 464 992 496 0
w 992 432 1104 432 0
r 1104 432 1184 432 0 100
t 1184 432 1232 432 0 -1 -0.6826876637220338 -0.7614780957726457 100
R 1232 416 1232 368 0 0 40 4.5 0 0 0.5
w 1232 448 1408 448 0
c 1408 448 1408 512 0 0.00009999999999999999 4.421209567949388
g 1408 512 1408 560 0
w 1408 448 1504 448 0
r 1504 448 1504 368 0 8
g 1504 368 1504 320 0
w 1504 368 1584 368 0
w 1504 448 1584 448 0
t 944 224 1008 224 0 1 -4.349185870937416 0.072023697011972 100
g 1008 240 1008 272 0
w 1008 208 1408 208 0
w 1408 208 1408 448 0
s 208 128 272 128 0 0 false
w 368 464 368 512 0
w 496 464 496 512 0
p 368 512 496 512 1 0
w 432 336 432 272 0
w 592 336 592 272 0
w 432 272 432 128 0
p 432 272 592 272 1 0
w 848 320 944 320 0
r 944 320 944 224 0 100
r 784 336 704 336 0 10000
w 592 336 704 336 0
w 704 336 704 448 0
w 848 448 704 448 0
w 704 448 560 448 0
p 1584 448 1584 368 1 0
o 50 64 0 4098 5 0.1 0 1
o 46 64 0 4098 5 0.1 1 1
o 58 64 0 4098 5 0.1 2 1
